kernel line : count latency dram_traffic smem_bk_conflicts smem_warp gmem_access_generated gmem_warp exposed_latency warp_divergence
_1.ptx 5761 : 200704 2718952 0 0 0 0 0 0 0 
_1.ptx 5762 : 200704 28449372 616224 0 0 11368 5880 0 0 
_1.ptx 5763 : 200704 1485812 0 0 0 0 0 0 0 
_1.ptx 5764 : 200704 2675488 0 0 0 0 0 0 0 
_1.ptx 5765 : 200704 26114308 615776 0 0 11368 5880 0 0 
_1.ptx 5766 : 200704 1304240 0 0 0 0 0 0 0 
_1.ptx 5767 : 200704 4226204 0 0 0 0 0 0 0 
_1.ptx 5768 : 200704 1691736 0 0 0 0 0 0 0 
_1.ptx 5769 : 200704 0 0 0 0 0 0 0 0 
_1.ptx 5770 : 200704 1349236 0 0 0 0 0 0 0 
_1.ptx 32963 : 36 216 0 0 0 0 0 0 0 
_1.ptx 32964 : 36 252 0 0 0 0 0 0 0 
_1.ptx 32965 : 36 684 0 0 0 0 0 0 0 
_1.ptx 32966 : 36 11520 128 0 0 0 0 0 0 
_1.ptx 32967 : 36 468 0 0 0 0 0 0 0 
_1.ptx 32968 : 36 108 0 0 0 0 0 0 0 
_1.ptx 32969 : 36 468 0 0 0 0 0 0 0 
_1.ptx 32970 : 36 108 0 0 0 0 0 0 0 
_1.ptx 32971 : 36 504 0 0 0 0 0 0 0 
_1.ptx 32972 : 36 108 0 0 0 0 0 0 0 
_1.ptx 32974 : 36 216 0 0 0 0 0 0 0 
_1.ptx 32975 : 36 216 0 0 0 0 0 0 0 
_1.ptx 32976 : 36 216 0 0 0 0 0 0 0 
_1.ptx 32977 : 36 252 0 0 0 0 0 0 0 
_1.ptx 32978 : 36 252 0 0 0 0 0 0 0 
_1.ptx 32979 : 36 252 0 0 0 0 0 0 0 
_1.ptx 32980 : 36 216 0 0 0 0 0 0 0 
_1.ptx 32982 : 8136 56952 0 0 0 0 0 0 0 
_1.ptx 32983 : 8136 56952 0 0 0 0 0 0 0 
_1.ptx 32984 : 8136 48816 0 0 0 0 0 0 0 
_1.ptx 32986 : 130176 22791348 256 0 0 3616 3616 0 0 
_1.ptx 32987 : 130176 23051700 0 0 0 3616 3616 0 0 
_1.ptx 32988 : 130176 23312052 0 0 0 3616 3616 0 0 
_1.ptx 32989 : 130176 23572404 0 0 0 3616 3616 0 0 
_1.ptx 32990 : 130176 911232 0 0 0 0 0 0 0 
_1.ptx 32991 : 130176 1033308 0 0 0 0 0 0 0 
_1.ptx 32992 : 130176 919332 0 0 0 0 0 0 0 
_1.ptx 32993 : 130176 1033308 0 0 0 0 0 0 0 
_1.ptx 32994 : 130176 919332 0 0 0 0 0 0 0 
_1.ptx 32995 : 130176 1033308 0 0 0 0 0 0 0 
_1.ptx 32996 : 130176 919332 0 0 0 0 0 0 0 
_1.ptx 32997 : 130176 1033308 0 0 0 0 0 0 0 
_1.ptx 32998 : 130176 911232 0 0 0 0 0 0 0 
_1.ptx 32999 : 130176 1033308 0 0 0 0 0 0 0 
_1.ptx 33000 : 130176 919332 0 0 0 0 0 0 0 
_1.ptx 33001 : 130176 1033308 0 0 0 0 0 0 0 
_1.ptx 33002 : 130176 919332 0 0 0 0 0 0 0 
_1.ptx 33003 : 130176 1033308 0 0 0 0 0 0 0 
_1.ptx 33004 : 130176 919332 0 0 0 0 0 0 0 
_1.ptx 33005 : 130176 1033308 0 0 0 0 0 0 0 
_1.ptx 5847 : 200704 1327056 0 0 0 0 0 0 0 
_1.ptx 33006 : 130176 911232 0 0 0 0 0 0 0 
_1.ptx 33007 : 130176 1033308 0 0 0 0 0 0 0 
_1.ptx 33008 : 130176 919332 0 0 0 0 0 0 0 
_1.ptx 33009 : 130176 1033308 0 0 0 0 0 0 0 
_1.ptx 33010 : 130176 919332 0 0 0 0 0 0 0 
_1.ptx 33011 : 130176 1033308 0 0 0 0 0 0 0 
_1.ptx 33012 : 130176 919332 0 0 0 0 0 0 0 
_1.ptx 33013 : 130176 1033308 0 0 0 0 0 0 0 
_1.ptx 33014 : 130176 911232 0 0 0 0 0 0 0 
_1.ptx 33015 : 130176 1033308 0 0 0 0 0 0 0 
_1.ptx 33016 : 130176 919332 0 0 0 0 0 0 0 
_1.ptx 33017 : 130176 1033308 0 0 0 0 0 0 0 
_1.ptx 33018 : 130176 919332 0 0 0 0 0 0 0 
_1.ptx 33019 : 130176 1033308 0 0 0 0 0 0 0 
_1.ptx 33020 : 130176 919332 0 0 0 0 0 0 0 
_1.ptx 33021 : 130176 1033308 0 0 0 0 0 0 0 
_1.ptx 33022 : 130176 24643980 1792 0 0 7232 3616 0 0 
_1.ptx 33023 : 130176 26108532 256 0 0 7232 3616 0 0 
_1.ptx 33024 : 130176 27376560 128 0 0 7232 3616 0 0 
_1.ptx 33025 : 130176 28048248 128 0 0 7232 3616 0 0 
_1.ptx 33026 : 130176 28929024 128 0 0 7232 3616 0 0 
_1.ptx 33027 : 130176 29401632 128 0 0 7232 3616 0 0 
_1.ptx 33028 : 130176 23804892 128 0 0 7232 3616 0 0 
_1.ptx 33029 : 130176 25456644 128 0 0 7232 3616 0 0 
_1.ptx 33030 : 130176 26478756 128 0 0 7232 3616 0 0 
_1.ptx 33031 : 130176 27283212 128 0 0 7680 3616 0 0 
_1.ptx 33032 : 130176 28780632 128 0 0 7680 3616 0 0 
_1.ptx 33033 : 130176 30132216 128 0 0 7680 3616 0 0 
_1.ptx 33034 : 130176 30673728 128 0 0 7680 3616 0 0 
_1.ptx 33035 : 130176 31648428 128 0 0 7680 3616 0 0 
_1.ptx 33036 : 130176 33182244 128 0 0 7232 3616 0 0 
_1.ptx 33037 : 130176 34920612 28544 0 0 6784 3616 0 0 
_1.ptx 33038 : 130176 35975520 32000 0 0 7680 3616 0 0 
_1.ptx 33039 : 130176 37140156 32384 0 0 7680 3616 0 0 
_1.ptx 33040 : 130176 38839968 32384 0 0 7680 3616 0 0 
_1.ptx 33041 : 130176 39726792 32128 0 0 7680 3616 0 0 
_1.ptx 33042 : 130176 40129596 32256 0 0 7680 3616 0 0 
_1.ptx 33043 : 130176 39873708 14464 0 0 7232 3616 0 0 
_1.ptx 33044 : 130176 1562112 0 0 0 0 0 0 0 
_1.ptx 33045 : 130176 1562112 0 0 0 0 0 0 0 
_1.ptx 33046 : 130176 781056 0 0 0 0 0 0 0 
_1.ptx 33048 : 260352 47578320 640 0 0 14464 7232 0 0 
_1.ptx 33049 : 260352 50562972 512 0 0 14464 7232 0 0 
_1.ptx 33050 : 260352 53274600 256 0 0 14464 7232 0 0 
_1.ptx 33051 : 260352 54713160 256 0 0 14464 7232 0 0 
_1.ptx 33052 : 260352 56768256 256 0 0 14464 7232 0 0 
_1.ptx 33053 : 260352 59537304 512 0 0 14464 7232 0 0 
_1.ptx 33054 : 260352 61554384 256 0 0 14464 7232 0 0 
_1.ptx 33055 : 260352 64962072 0 0 0 14464 7232 0 0 
_1.ptx 33056 : 260352 65861784 256 0 0 14464 7232 0 0 
_1.ptx 33057 : 260352 68457564 256 0 0 15360 7232 0 0 
_1.ptx 33058 : 260352 70979076 256 0 0 15392 7232 0 0 
_1.ptx 33059 : 260352 72004536 512 0 0 15392 7232 0 0 
_1.ptx 33060 : 260352 60016104 256 0 0 15360 7232 0 0 
_1.ptx 33061 : 260352 49259448 256 0 0 15360 7232 0 0 
_1.ptx 33062 : 260352 52198740 0 0 0 14464 7232 0 0 
_1.ptx 33063 : 260352 55819872 57856 0 0 13568 7232 0 0 
_1.ptx 33064 : 260352 57744972 65024 0 0 15360 7232 0 0 
_1.ptx 33065 : 260352 60436836 65280 0 0 15392 7232 0 0 
_1.ptx 33066 : 260352 63067500 65280 0 0 15392 7232 0 0 
_1.ptx 33067 : 260352 64593504 65024 0 0 15360 7232 0 0 
_1.ptx 33068 : 260352 67681008 65024 0 0 15360 7232 0 0 
_1.ptx 33069 : 260352 70147512 28672 0 0 14464 7232 0 0 
_1.ptx 33070 : 260352 1562112 0 0 0 0 0 0 0 
_1.ptx 33071 : 260352 1822464 0 0 0 0 0 0 0 
_1.ptx 33072 : 260352 1944540 0 0 0 0 0 0 0 
_1.ptx 33073 : 260352 1960740 0 0 0 0 0 0 0 
_1.ptx 33074 : 260352 1944540 0 0 0 0 0 0 0 
_1.ptx 33075 : 260352 1960740 0 0 0 0 0 0 0 
_1.ptx 33076 : 260352 1944540 0 0 0 0 0 0 0 
_1.ptx 33077 : 260352 1960740 0 0 0 0 0 0 0 
_1.ptx 33078 : 260352 1944540 0 0 0 0 0 0 0 
_1.ptx 33079 : 260352 1960740 0 0 0 0 0 0 0 
_1.ptx 33080 : 260352 1944540 0 0 0 0 0 0 0 
_1.ptx 33081 : 260352 1960740 0 0 0 0 0 0 0 
_1.ptx 33082 : 260352 1944540 0 0 0 0 0 0 0 
_1.ptx 33083 : 260352 1960740 0 0 0 0 0 0 0 
_1.ptx 33084 : 260352 1944540 0 0 0 0 0 0 0 
_1.ptx 33085 : 260352 1960740 0 0 0 0 0 0 0 
_1.ptx 33086 : 260352 1944540 0 0 0 0 0 0 0 
_1.ptx 33087 : 260352 1960740 0 0 0 0 0 0 0 
_1.ptx 33088 : 260352 1944540 0 0 0 0 0 0 0 
_1.ptx 33089 : 260352 1960740 0 0 0 0 0 0 0 
_1.ptx 33090 : 260352 1944540 0 0 0 0 0 0 0 
_1.ptx 33091 : 260352 1960740 0 0 0 0 0 0 0 
_1.ptx 33092 : 260352 1944540 0 0 0 0 0 0 0 
_1.ptx 33093 : 260352 1960740 0 0 0 0 0 0 0 
_1.ptx 33094 : 260352 1944540 0 0 0 0 0 0 0 
_1.ptx 33095 : 260352 1960740 0 0 0 0 0 0 0 
_1.ptx 33096 : 260352 1944540 0 0 0 0 0 0 0 
_1.ptx 33097 : 260352 1960740 0 0 0 0 0 0 0 
_1.ptx 33098 : 260352 1944540 0 0 0 0 0 0 0 
_1.ptx 33099 : 260352 1960740 0 0 0 0 0 0 0 
_1.ptx 33100 : 260352 1944540 0 0 0 0 0 0 0 
_1.ptx 33101 : 260352 1960740 0 0 0 0 0 0 0 
_1.ptx 33102 : 260352 1944540 0 0 0 0 0 0 0 
_1.ptx 33103 : 260352 1960740 0 0 0 0 0 0 0 
_1.ptx 33104 : 260352 1944540 0 0 0 0 0 0 0 
_1.ptx 33105 : 260352 1822464 0 0 0 0 0 0 0 
_1.ptx 33106 : 260352 1944540 0 0 0 0 0 0 0 
_1.ptx 33107 : 260352 1960740 0 0 0 0 0 0 0 
_1.ptx 33108 : 260352 1944540 0 0 0 0 0 0 0 
_1.ptx 33109 : 260352 1960740 0 0 0 0 0 0 0 
_1.ptx 33110 : 260352 1944540 0 0 0 0 0 0 0 
_1.ptx 33111 : 260352 1960740 0 0 0 0 0 0 0 
_1.ptx 33112 : 260352 1944540 0 0 0 0 0 0 0 
_1.ptx 33113 : 260352 1960740 0 0 0 0 0 0 0 
_1.ptx 33114 : 260352 1944540 0 0 0 0 0 0 0 
_1.ptx 33115 : 260352 1960740 0 0 0 0 0 0 0 
_1.ptx 33116 : 260352 1944540 0 0 0 0 0 0 0 
_1.ptx 33117 : 260352 1960740 0 0 0 0 0 0 0 
_1.ptx 33118 : 260352 1944540 0 0 0 0 0 0 0 
_1.ptx 33119 : 260352 1960740 0 0 0 0 0 0 0 
_1.ptx 33120 : 260352 1944540 0 0 0 0 0 0 0 
_1.ptx 33121 : 260352 1960740 0 0 0 0 0 0 0 
_1.ptx 33122 : 260352 1944540 0 0 0 0 0 0 0 
_1.ptx 33123 : 260352 1960740 0 0 0 0 0 0 0 
_1.ptx 33124 : 260352 1944540 0 0 0 0 0 0 0 
_1.ptx 33125 : 260352 1960740 0 0 0 0 0 0 0 
_1.ptx 33126 : 260352 1944540 0 0 0 0 0 0 0 
_1.ptx 33127 : 260352 1960740 0 0 0 0 0 0 0 
_1.ptx 33128 : 260352 1944540 0 0 0 0 0 0 0 
_1.ptx 33129 : 260352 1960740 0 0 0 0 0 0 0 
_1.ptx 33130 : 260352 1944540 0 0 0 0 0 0 0 
_1.ptx 33131 : 260352 1960740 0 0 0 0 0 0 0 
_1.ptx 33132 : 260352 1944540 0 0 0 0 0 0 0 
_1.ptx 33133 : 260352 1960740 0 0 0 0 0 0 0 
_1.ptx 33134 : 260352 1944540 0 0 0 0 0 0 0 
_1.ptx 33135 : 260352 1960740 0 0 0 0 0 0 0 
_1.ptx 33136 : 260352 1944540 0 0 0 0 0 0 0 
_1.ptx 33137 : 260352 1960740 0 0 0 0 0 0 0 
_1.ptx 33138 : 260352 1944540 0 0 0 0 0 0 0 
_1.ptx 33139 : 260352 1960740 0 0 0 0 0 0 0 
_1.ptx 33140 : 260352 1944540 0 0 0 0 0 0 0 
_1.ptx 33141 : 260352 1822464 0 0 0 0 0 0 0 
_1.ptx 33142 : 260352 1944540 0 0 0 0 0 0 0 
_1.ptx 33143 : 260352 1960740 0 0 0 0 0 0 0 
_1.ptx 33144 : 260352 1944540 0 0 0 0 0 0 0 
_1.ptx 33145 : 260352 1960740 0 0 0 0 0 0 0 
_1.ptx 33146 : 260352 1944540 0 0 0 0 0 0 0 
_1.ptx 33147 : 260352 1960740 0 0 0 0 0 0 0 
_1.ptx 33148 : 260352 1944540 0 0 0 0 0 0 0 
_1.ptx 33149 : 260352 1960740 0 0 0 0 0 0 0 
_1.ptx 33150 : 260352 1944540 0 0 0 0 0 0 0 
_1.ptx 33151 : 260352 1960740 0 0 0 0 0 0 0 
_1.ptx 33152 : 260352 1944540 0 0 0 0 0 0 0 
_1.ptx 33153 : 260352 1960740 0 0 0 0 0 0 0 
_1.ptx 33154 : 260352 1944540 0 0 0 0 0 0 0 
_1.ptx 33155 : 260352 1960740 0 0 0 0 0 0 0 
_1.ptx 33156 : 260352 1944540 0 0 0 0 0 0 0 
_1.ptx 33157 : 260352 1960740 0 0 0 0 0 0 0 
_1.ptx 33158 : 260352 1944540 0 0 0 0 0 0 0 
_1.ptx 33159 : 260352 1960740 0 0 0 0 0 0 0 
_1.ptx 33160 : 260352 1944540 0 0 0 0 0 0 0 
_1.ptx 33161 : 260352 1960740 0 0 0 0 0 0 0 
_1.ptx 33162 : 260352 1944540 0 0 0 0 0 0 0 
_1.ptx 33163 : 260352 1960740 0 0 0 0 0 0 0 
_1.ptx 33164 : 260352 1944540 0 0 0 0 0 0 0 
_1.ptx 33165 : 260352 1960740 0 0 0 0 0 0 0 
_1.ptx 33166 : 260352 1944540 0 0 0 0 0 0 0 
_1.ptx 33167 : 260352 1960740 0 0 0 0 0 0 0 
_1.ptx 33168 : 260352 1944540 0 0 0 0 0 0 0 
_1.ptx 33169 : 260352 1960740 0 0 0 0 0 0 0 
_1.ptx 33170 : 260352 1944540 0 0 0 0 0 0 0 
_1.ptx 33171 : 260352 1960740 0 0 0 0 0 0 0 
_1.ptx 33172 : 260352 1944540 0 0 0 0 0 0 0 
_1.ptx 33173 : 260352 1960740 0 0 0 0 0 0 0 
_1.ptx 33174 : 260352 1944540 0 0 0 0 0 0 0 
_1.ptx 33175 : 260352 1960740 0 0 0 0 0 0 0 
_1.ptx 33176 : 260352 1944540 0 0 0 0 0 0 0 
_1.ptx 33177 : 260352 1822464 0 0 0 0 0 0 0 
_1.ptx 33178 : 260352 1944540 0 0 0 0 0 0 0 
_1.ptx 33179 : 260352 1960740 0 0 0 0 0 0 0 
_1.ptx 33180 : 260352 1944540 0 0 0 0 0 0 0 
_1.ptx 33181 : 260352 1960740 0 0 0 0 0 0 0 
_1.ptx 33182 : 260352 1944540 0 0 0 0 0 0 0 
_1.ptx 33183 : 260352 1960740 0 0 0 0 0 0 0 
_1.ptx 33184 : 260352 1944540 0 0 0 0 0 0 0 
_1.ptx 33185 : 260352 1960740 0 0 0 0 0 0 0 
_1.ptx 33186 : 260352 1944540 0 0 0 0 0 0 0 
_1.ptx 33187 : 260352 1960740 0 0 0 0 0 0 0 
_1.ptx 33188 : 260352 1944540 0 0 0 0 0 0 0 
_1.ptx 33189 : 260352 1960740 0 0 0 0 0 0 0 
_1.ptx 33190 : 260352 1944540 0 0 0 0 0 0 0 
_1.ptx 33191 : 260352 1960740 0 0 0 0 0 0 0 
_1.ptx 33192 : 260352 1944540 0 0 0 0 0 0 0 
_1.ptx 33193 : 260352 1960740 0 0 0 0 0 0 0 
_1.ptx 33194 : 260352 1944540 0 0 0 0 0 0 0 
_1.ptx 33195 : 260352 1960740 0 0 0 0 0 0 0 
_1.ptx 33196 : 260352 1944540 0 0 0 0 0 0 0 
_1.ptx 33197 : 260352 1960740 0 0 0 0 0 0 0 
_1.ptx 33198 : 260352 1944540 0 0 0 0 0 0 0 
_1.ptx 33199 : 260352 1960740 0 0 0 0 0 0 0 
_1.ptx 33200 : 260352 1944540 0 0 0 0 0 0 0 
_1.ptx 33201 : 260352 1960740 0 0 0 0 0 0 0 
_1.ptx 33202 : 260352 1944540 0 0 0 0 0 0 0 
_1.ptx 33203 : 260352 1960740 0 0 0 0 0 0 0 
_1.ptx 33204 : 260352 1944540 0 0 0 0 0 0 0 
_1.ptx 33205 : 260352 1960740 0 0 0 0 0 0 0 
_1.ptx 33206 : 260352 1944540 0 0 0 0 0 0 0 
_1.ptx 33207 : 260352 1960740 0 0 0 0 0 0 0 
_1.ptx 33208 : 260352 1944540 0 0 0 0 0 0 0 
_1.ptx 33209 : 260352 1960740 0 0 0 0 0 0 0 
_1.ptx 33210 : 260352 1944540 0 0 0 0 0 0 0 
_1.ptx 33211 : 260352 1960740 0 0 0 0 0 0 0 
_1.ptx 33212 : 260352 1944540 0 0 0 0 0 0 0 
_1.ptx 33213 : 260352 1822464 0 0 0 0 0 0 0 
_1.ptx 33214 : 260352 1944540 0 0 0 0 0 0 0 
_1.ptx 33215 : 260352 1960740 0 0 0 0 0 0 0 
_1.ptx 33216 : 260352 1944540 0 0 0 0 0 0 0 
_1.ptx 33217 : 260352 1960740 0 0 0 0 0 0 0 
_1.ptx 33218 : 260352 1944540 0 0 0 0 0 0 0 
_1.ptx 33219 : 260352 1960740 0 0 0 0 0 0 0 
_1.ptx 33220 : 260352 1944540 0 0 0 0 0 0 0 
_1.ptx 33221 : 260352 1960740 0 0 0 0 0 0 0 
_1.ptx 33222 : 260352 1944540 0 0 0 0 0 0 0 
_1.ptx 33223 : 260352 1960740 0 0 0 0 0 0 0 
_1.ptx 33224 : 260352 1944540 0 0 0 0 0 0 0 
_1.ptx 33225 : 260352 1960740 0 0 0 0 0 0 0 
_1.ptx 33226 : 260352 1944540 0 0 0 0 0 0 0 
_1.ptx 33227 : 260352 1960740 0 0 0 0 0 0 0 
_1.ptx 33228 : 260352 1944540 0 0 0 0 0 0 0 
_1.ptx 33229 : 260352 1960740 0 0 0 0 0 0 0 
_1.ptx 33230 : 260352 1944540 0 0 0 0 0 0 0 
_1.ptx 33231 : 260352 1960740 0 0 0 0 0 0 0 
_1.ptx 33232 : 260352 1944540 0 0 0 0 0 0 0 
_1.ptx 33233 : 260352 1960740 0 0 0 0 0 0 0 
_1.ptx 33234 : 260352 1944540 0 0 0 0 0 0 0 
_1.ptx 33235 : 260352 1960740 0 0 0 0 0 0 0 
_1.ptx 33236 : 260352 1944540 0 0 0 0 0 0 0 
_1.ptx 33237 : 260352 1960740 0 0 0 0 0 0 0 
_1.ptx 33238 : 260352 1944540 0 0 0 0 0 0 0 
_1.ptx 33239 : 260352 1960740 0 0 0 0 0 0 0 
_1.ptx 33240 : 260352 1944540 0 0 0 0 0 0 0 
_1.ptx 33241 : 260352 1960740 0 0 0 0 0 0 0 
_1.ptx 33242 : 260352 1944540 0 0 0 0 0 0 0 
_1.ptx 33243 : 260352 1960740 0 0 0 0 0 0 0 
_1.ptx 33244 : 260352 1944540 0 0 0 0 0 0 0 
_1.ptx 33245 : 260352 1960740 0 0 0 0 0 0 0 
_1.ptx 33246 : 260352 1944540 0 0 0 0 0 0 0 
_1.ptx 33247 : 260352 1960740 0 0 0 0 0 0 0 
_1.ptx 33248 : 260352 1944540 0 0 0 0 0 0 0 
_1.ptx 33249 : 260352 1822464 0 0 0 0 0 0 0 
_1.ptx 33250 : 260352 1944540 0 0 0 0 0 0 0 
_1.ptx 33251 : 260352 1960740 0 0 0 0 0 0 0 
_1.ptx 33252 : 260352 1944540 0 0 0 0 0 0 0 
_1.ptx 33253 : 260352 1960740 0 0 0 0 0 0 0 
_1.ptx 33254 : 260352 1944540 0 0 0 0 0 0 0 
_1.ptx 33255 : 260352 1960740 0 0 0 0 0 0 0 
_1.ptx 33256 : 260352 1944540 0 0 0 0 0 0 0 
_1.ptx 33257 : 260352 1960740 0 0 0 0 0 0 0 
_1.ptx 33258 : 260352 1944540 0 0 0 0 0 0 0 
_1.ptx 33259 : 260352 1960740 0 0 0 0 0 0 0 
_1.ptx 33260 : 260352 1944540 0 0 0 0 0 0 0 
_1.ptx 33261 : 260352 1960740 0 0 0 0 0 0 0 
_1.ptx 33262 : 260352 1944540 0 0 0 0 0 0 0 
_1.ptx 33263 : 260352 1960740 0 0 0 0 0 0 0 
_1.ptx 33264 : 260352 1944540 0 0 0 0 0 0 0 
_1.ptx 33265 : 260352 1960740 0 0 0 0 0 0 0 
_1.ptx 33266 : 260352 1944540 0 0 0 0 0 0 0 
_1.ptx 33267 : 260352 1960740 0 0 0 0 0 0 0 
_1.ptx 33268 : 260352 1944540 0 0 0 0 0 0 0 
_1.ptx 33269 : 260352 1960740 0 0 0 0 0 0 0 
_1.ptx 33270 : 260352 1944540 0 0 0 0 0 0 0 
_1.ptx 33271 : 260352 1960740 0 0 0 0 0 0 0 
_1.ptx 33272 : 260352 1944540 0 0 0 0 0 0 0 
_1.ptx 33273 : 260352 1960740 0 0 0 0 0 0 0 
_1.ptx 33274 : 260352 1944540 0 0 0 0 0 0 0 
_1.ptx 33275 : 260352 1960740 0 0 0 0 0 0 0 
_1.ptx 33276 : 260352 1944540 0 0 0 0 0 0 0 
_1.ptx 33277 : 260352 1960740 0 0 0 0 0 0 0 
_1.ptx 33278 : 260352 1944540 0 0 0 0 0 0 0 
_1.ptx 33279 : 260352 1960740 0 0 0 0 0 0 0 
_1.ptx 33280 : 260352 1944540 0 0 0 0 0 0 0 
_1.ptx 33281 : 260352 1960740 0 0 0 0 0 0 0 
_1.ptx 33282 : 260352 1944540 0 0 0 0 0 0 0 
_1.ptx 33283 : 260352 1960740 0 0 0 0 0 0 0 
_1.ptx 33284 : 260352 1944540 0 0 0 0 0 0 0 
_1.ptx 33285 : 260352 1822464 0 0 0 0 0 0 0 
_1.ptx 33286 : 260352 1944540 0 0 0 0 0 0 0 
_1.ptx 33287 : 260352 1960740 0 0 0 0 0 0 0 
_1.ptx 33288 : 260352 1944540 0 0 0 0 0 0 0 
_1.ptx 33289 : 260352 1960740 0 0 0 0 0 0 0 
_1.ptx 33290 : 260352 1944540 0 0 0 0 0 0 0 
_1.ptx 33291 : 260352 1960740 0 0 0 0 0 0 0 
_1.ptx 33292 : 260352 1944540 0 0 0 0 0 0 0 
_1.ptx 33293 : 260352 1960740 0 0 0 0 0 0 0 
_1.ptx 33294 : 260352 1944540 0 0 0 0 0 0 0 
_1.ptx 33295 : 260352 1960740 0 0 0 0 0 0 0 
_1.ptx 33296 : 260352 1944540 0 0 0 0 0 0 0 
_1.ptx 33297 : 260352 3124224 0 0 0 0 0 0 0 
_1.ptx 33298 : 260352 3124224 0 0 0 0 0 0 0 
_1.ptx 33299 : 260352 48534840 22144 0 0 14464 7232 0 0 
_1.ptx 33300 : 260352 48810060 512 0 0 14464 7232 0 0 
_1.ptx 33301 : 260352 49231980 256 0 0 14464 7232 0 0 
_1.ptx 33302 : 260352 51633180 256 0 0 14464 7232 0 0 
_1.ptx 33303 : 260352 53703252 256 0 0 14464 7232 0 0 
_1.ptx 33304 : 260352 55915524 256 0 0 14464 7232 0 0 
_1.ptx 33305 : 260352 57932136 256 0 0 14464 7232 0 0 
_1.ptx 33306 : 260352 60758136 256 0 0 14464 7232 0 0 
_1.ptx 33307 : 260352 61940808 256 0 0 14464 7232 0 0 
_1.ptx 33308 : 260352 63136008 256 0 0 15360 7232 0 0 
_1.ptx 33309 : 260352 66407868 256 0 0 15360 7232 0 0 
_1.ptx 33310 : 260352 69688260 256 0 0 15360 7232 0 0 
_1.ptx 33311 : 260352 71415540 256 0 0 15360 7232 0 0 
_1.ptx 33312 : 260352 74386260 256 0 0 15360 7232 0 0 
_1.ptx 33313 : 260352 77092992 256 0 0 14464 7232 0 0 
_1.ptx 33314 : 260352 79349292 57856 0 0 13568 7232 0 0 
_1.ptx 33315 : 260352 79865640 65024 0 0 15360 7232 0 0 
_1.ptx 33316 : 260352 65098152 65024 0 0 15360 7232 0 0 
_1.ptx 33317 : 260352 51827832 65024 0 0 15360 7232 0 0 
_1.ptx 33318 : 260352 54381636 65024 0 0 15360 7232 0 0 
_1.ptx 33319 : 260352 56343492 65024 0 0 15360 7232 0 0 
_1.ptx 33320 : 260352 58403088 29184 0 0 14464 7232 0 0 
_1.ptx 33321 : 260352 1562112 0 0 0 0 0 0 0 
_1.ptx 33322 : 260352 1822464 0 0 0 0 0 0 0 
_1.ptx 33323 : 260352 1960740 0 0 0 0 0 0 0 
_1.ptx 33324 : 260352 1944540 0 0 0 0 0 0 0 
_1.ptx 33325 : 260352 1960740 0 0 0 0 0 0 0 
_1.ptx 33326 : 260352 1944540 0 0 0 0 0 0 0 
_1.ptx 33327 : 260352 1960740 0 0 0 0 0 0 0 
_1.ptx 33328 : 260352 1944540 0 0 0 0 0 0 0 
_1.ptx 33329 : 260352 1960740 0 0 0 0 0 0 0 
_1.ptx 33330 : 260352 1944540 0 0 0 0 0 0 0 
_1.ptx 33331 : 260352 1960740 0 0 0 0 0 0 0 
_1.ptx 33332 : 260352 1944540 0 0 0 0 0 0 0 
_1.ptx 33333 : 260352 1960740 0 0 0 0 0 0 0 
_1.ptx 33334 : 260352 1944540 0 0 0 0 0 0 0 
_1.ptx 33335 : 260352 1960740 0 0 0 0 0 0 0 
_1.ptx 33336 : 260352 1944540 0 0 0 0 0 0 0 
_1.ptx 33337 : 260352 1960740 0 0 0 0 0 0 0 
_1.ptx 33338 : 260352 1944540 0 0 0 0 0 0 0 
_1.ptx 33339 : 260352 1960740 0 0 0 0 0 0 0 
_1.ptx 33340 : 260352 1944540 0 0 0 0 0 0 0 
_1.ptx 33341 : 260352 1960740 0 0 0 0 0 0 0 
_1.ptx 33342 : 260352 1944540 0 0 0 0 0 0 0 
_1.ptx 33343 : 260352 1960740 0 0 0 0 0 0 0 
_1.ptx 33344 : 260352 1944540 0 0 0 0 0 0 0 
_1.ptx 33345 : 260352 1960740 0 0 0 0 0 0 0 
_1.ptx 33346 : 260352 1944540 0 0 0 0 0 0 0 
_1.ptx 33347 : 260352 1960740 0 0 0 0 0 0 0 
_1.ptx 33348 : 260352 1944540 0 0 0 0 0 0 0 
_1.ptx 33349 : 260352 1960740 0 0 0 0 0 0 0 
_1.ptx 33350 : 260352 1944540 0 0 0 0 0 0 0 
_1.ptx 33351 : 260352 1960740 0 0 0 0 0 0 0 
_1.ptx 33352 : 260352 1944540 0 0 0 0 0 0 0 
_1.ptx 33353 : 260352 1960740 0 0 0 0 0 0 0 
_1.ptx 33354 : 260352 1944540 0 0 0 0 0 0 0 
_1.ptx 33355 : 260352 1960740 0 0 0 0 0 0 0 
_1.ptx 33356 : 260352 1822464 0 0 0 0 0 0 0 
_1.ptx 33357 : 260352 1960740 0 0 0 0 0 0 0 
_1.ptx 33358 : 260352 1944540 0 0 0 0 0 0 0 
_1.ptx 33359 : 260352 1960740 0 0 0 0 0 0 0 
_1.ptx 33360 : 260352 1944540 0 0 0 0 0 0 0 
_1.ptx 33361 : 260352 1960740 0 0 0 0 0 0 0 
_1.ptx 33362 : 260352 1944540 0 0 0 0 0 0 0 
_1.ptx 33363 : 260352 1960740 0 0 0 0 0 0 0 
_1.ptx 33364 : 260352 1944540 0 0 0 0 0 0 0 
_1.ptx 33365 : 260352 1960740 0 0 0 0 0 0 0 
_1.ptx 33366 : 260352 1944540 0 0 0 0 0 0 0 
_1.ptx 33367 : 260352 1960740 0 0 0 0 0 0 0 
_1.ptx 33368 : 260352 1944540 0 0 0 0 0 0 0 
_1.ptx 33369 : 260352 1960740 0 0 0 0 0 0 0 
_1.ptx 33370 : 260352 1944540 0 0 0 0 0 0 0 
_1.ptx 33371 : 260352 1960740 0 0 0 0 0 0 0 
_1.ptx 33372 : 260352 1944540 0 0 0 0 0 0 0 
_1.ptx 33373 : 260352 1960740 0 0 0 0 0 0 0 
_1.ptx 33374 : 260352 1944540 0 0 0 0 0 0 0 
_1.ptx 33375 : 260352 1960740 0 0 0 0 0 0 0 
_1.ptx 33376 : 260352 1944540 0 0 0 0 0 0 0 
_1.ptx 33377 : 260352 1960740 0 0 0 0 0 0 0 
_1.ptx 33378 : 260352 1944540 0 0 0 0 0 0 0 
_1.ptx 33379 : 260352 1960740 0 0 0 0 0 0 0 
_1.ptx 33380 : 260352 1944540 0 0 0 0 0 0 0 
_1.ptx 33381 : 260352 1960740 0 0 0 0 0 0 0 
_1.ptx 33382 : 260352 1944540 0 0 0 0 0 0 0 
_1.ptx 33383 : 260352 1960740 0 0 0 0 0 0 0 
_1.ptx 33384 : 260352 1944540 0 0 0 0 0 0 0 
_1.ptx 33385 : 260352 1960740 0 0 0 0 0 0 0 
_1.ptx 33386 : 260352 1944540 0 0 0 0 0 0 0 
_1.ptx 33387 : 260352 1960740 0 0 0 0 0 0 0 
_1.ptx 33388 : 260352 1944540 0 0 0 0 0 0 0 
_1.ptx 33389 : 260352 1960740 0 0 0 0 0 0 0 
_1.ptx 33390 : 260352 1944540 0 0 0 0 0 0 0 
_1.ptx 33391 : 260352 1960740 0 0 0 0 0 0 0 
_1.ptx 33392 : 260352 1822464 0 0 0 0 0 0 0 
_1.ptx 33393 : 260352 1960740 0 0 0 0 0 0 0 
_1.ptx 33394 : 260352 1944540 0 0 0 0 0 0 0 
_1.ptx 33395 : 260352 1960740 0 0 0 0 0 0 0 
_1.ptx 3768 : 802816 8523696 128 0 0 0 0 0 0 
_1.ptx 33396 : 260352 1944540 0 0 0 0 0 0 0 
_1.ptx 3769 : 802816 6964884 0 0 0 0 0 0 0 
_1.ptx 33397 : 260352 1960740 0 0 0 0 0 0 0 
_1.ptx 3770 : 802816 4432928 0 0 0 0 0 0 0 
_1.ptx 33398 : 260352 1944540 0 0 0 0 0 0 0 
_1.ptx 3771 : 802816 3935992 0 0 0 0 0 0 0 
_1.ptx 33399 : 260352 1960740 0 0 0 0 0 0 0 
_1.ptx 3772 : 802816 6324252 0 0 0 0 0 0 0 
_1.ptx 33400 : 260352 1944540 0 0 0 0 0 0 0 
_1.ptx 3773 : 802816 6046008 0 0 0 0 0 0 0 
_1.ptx 33401 : 260352 1960740 0 0 0 0 0 0 0 
_1.ptx 3774 : 802816 5096360 0 0 0 0 0 0 0 
_1.ptx 33402 : 260352 1944540 0 0 0 0 0 0 0 
_1.ptx 3775 : 802816 16886736 0 0 0 0 0 0 0 
_1.ptx 33403 : 260352 1960740 0 0 0 0 0 0 0 
_1.ptx 3776 : 802816 6805300 0 0 0 0 0 0 0 
_1.ptx 33404 : 260352 1944540 0 0 0 0 0 0 0 
_1.ptx 3777 : 802816 0 0 0 0 0 0 0 0 
_1.ptx 33405 : 260352 1960740 0 0 0 0 0 0 0 
_1.ptx 33406 : 260352 1944540 0 0 0 0 0 0 0 
_1.ptx 3779 : 802816 6647416 0 0 0 0 0 0 0 
_1.ptx 33407 : 260352 1960740 0 0 0 0 0 0 0 
_1.ptx 3780 : 802816 6671196 0 0 0 0 0 0 0 
_1.ptx 33408 : 260352 1944540 0 0 0 0 0 0 0 
_1.ptx 3781 : 802816 5563244 0 0 0 0 0 0 0 
_1.ptx 33409 : 260352 1960740 0 0 0 0 0 0 0 
_1.ptx 3782 : 802816 16108120 0 0 0 0 0 0 0 
_1.ptx 33410 : 260352 1944540 0 0 0 0 0 0 0 
_1.ptx 33411 : 260352 1960740 0 0 0 0 0 0 0 
_1.ptx 33412 : 260352 1944540 0 0 0 0 0 0 0 
_1.ptx 3785 : 802816 15338960 0 0 0 0 0 0 0 
_1.ptx 33413 : 260352 1960740 0 0 0 0 0 0 0 
_1.ptx 3786 : 802816 11332916 0 0 0 0 0 0 0 
_1.ptx 33414 : 260352 1944540 0 0 0 0 0 0 0 
_1.ptx 3787 : 802816 314319504 2940032 0 0 45472 23520 0 0 
_1.ptx 33415 : 260352 1960740 0 0 0 0 0 0 0 
_1.ptx 3788 : 802816 5627452 0 0 0 0 0 0 0 
_1.ptx 33416 : 260352 1944540 0 0 0 0 0 0 0 
_1.ptx 3789 : 802816 10458424 0 0 0 0 0 0 0 
_1.ptx 33417 : 260352 1960740 0 0 0 0 0 0 0 
_1.ptx 3790 : 802816 7326632 0 0 0 0 0 0 0 
_1.ptx 33418 : 260352 1944540 0 0 0 0 0 0 0 
_1.ptx 3791 : 802816 10631748 0 0 0 0 0 0 0 
_1.ptx 33419 : 260352 1960740 0 0 0 0 0 0 0 
_1.ptx 3792 : 802816 23897368 0 0 0 45472 23520 0 0 
_1.ptx 33420 : 260352 1944540 0 0 0 0 0 0 0 
_1.ptx 3793 : 802816 10530328 0 0 0 0 0 0 0 
_1.ptx 33421 : 260352 1960740 0 0 0 0 0 0 0 
_1.ptx 3794 : 802816 6944384 0 0 0 0 0 0 0 
_1.ptx 33422 : 260352 1944540 0 0 0 0 0 0 0 
_1.ptx 3795 : 802816 0 0 0 0 0 0 0 0 
_1.ptx 33423 : 260352 1960740 0 0 0 0 0 0 0 
_1.ptx 33424 : 260352 1944540 0 0 0 0 0 0 0 
_1.ptx 33425 : 260352 1960740 0 0 0 0 0 0 0 
_1.ptx 3798 : 802816 5737860 0 0 0 0 0 0 0 
_1.ptx 33426 : 260352 1944540 0 0 0 0 0 0 0 
_1.ptx 33427 : 260352 1960740 0 0 0 0 0 0 0 
_1.ptx 33428 : 260352 1822464 0 0 0 0 0 0 0 
_1.ptx 33429 : 260352 1960740 0 0 0 0 0 0 0 
_1.ptx 33430 : 260352 1944540 0 0 0 0 0 0 0 
_1.ptx 33431 : 260352 1960740 0 0 0 0 0 0 0 
_1.ptx 33432 : 260352 1944540 0 0 0 0 0 0 0 
_1.ptx 33433 : 260352 1960740 0 0 0 0 0 0 0 
_1.ptx 33434 : 260352 1944540 0 0 0 0 0 0 0 
_1.ptx 33435 : 260352 1960740 0 0 0 0 0 0 0 
_1.ptx 33436 : 260352 1944540 0 0 0 0 0 0 0 
_1.ptx 33437 : 260352 1960740 0 0 0 0 0 0 0 
_1.ptx 33438 : 260352 1944540 0 0 0 0 0 0 0 
_1.ptx 33439 : 260352 1960740 0 0 0 0 0 0 0 
_1.ptx 33440 : 260352 1944540 0 0 0 0 0 0 0 
_1.ptx 33441 : 260352 1960740 0 0 0 0 0 0 0 
_1.ptx 33442 : 260352 1944540 0 0 0 0 0 0 0 
_1.ptx 33443 : 260352 1960740 0 0 0 0 0 0 0 
_1.ptx 33444 : 260352 1944540 0 0 0 0 0 0 0 
_1.ptx 33445 : 260352 1960740 0 0 0 0 0 0 0 
_1.ptx 33446 : 260352 1944540 0 0 0 0 0 0 0 
_1.ptx 33447 : 260352 1960740 0 0 0 0 0 0 0 
_1.ptx 33448 : 260352 1944540 0 0 0 0 0 0 0 
_1.ptx 33449 : 260352 1960740 0 0 0 0 0 0 0 
_1.ptx 33450 : 260352 1944540 0 0 0 0 0 0 0 
_1.ptx 33451 : 260352 1960740 0 0 0 0 0 0 0 
_1.ptx 33452 : 260352 1944540 0 0 0 0 0 0 0 
_1.ptx 33453 : 260352 1960740 0 0 0 0 0 0 0 
_1.ptx 33454 : 260352 1944540 0 0 0 0 0 0 0 
_1.ptx 33455 : 260352 1960740 0 0 0 0 0 0 0 
_1.ptx 33456 : 260352 1944540 0 0 0 0 0 0 0 
_1.ptx 33457 : 260352 1960740 0 0 0 0 0 0 0 
_1.ptx 33458 : 260352 1944540 0 0 0 0 0 0 0 
_1.ptx 33459 : 260352 1960740 0 0 0 0 0 0 0 
_1.ptx 33460 : 260352 1944540 0 0 0 0 0 0 0 
_1.ptx 33461 : 260352 1960740 0 0 0 0 0 0 0 
_1.ptx 33462 : 260352 1944540 0 0 0 0 0 0 0 
_1.ptx 33463 : 260352 1960740 0 0 0 0 0 0 0 
_1.ptx 33464 : 260352 1822464 0 0 0 0 0 0 0 
_1.ptx 33465 : 260352 1960740 0 0 0 0 0 0 0 
_1.ptx 33466 : 260352 1944540 0 0 0 0 0 0 0 
_1.ptx 33467 : 260352 1960740 0 0 0 0 0 0 0 
_1.ptx 33468 : 260352 1944540 0 0 0 0 0 0 0 
_1.ptx 33469 : 260352 1960740 0 0 0 0 0 0 0 
_1.ptx 33470 : 260352 1944540 0 0 0 0 0 0 0 
_1.ptx 33471 : 260352 1960740 0 0 0 0 0 0 0 
_1.ptx 33472 : 260352 1944540 0 0 0 0 0 0 0 
_1.ptx 33473 : 260352 1960740 0 0 0 0 0 0 0 
_1.ptx 33474 : 260352 1944540 0 0 0 0 0 0 0 
_1.ptx 33475 : 260352 1960740 0 0 0 0 0 0 0 
_1.ptx 33476 : 260352 1944540 0 0 0 0 0 0 0 
_1.ptx 33477 : 260352 1960740 0 0 0 0 0 0 0 
_1.ptx 33478 : 260352 1944540 0 0 0 0 0 0 0 
_1.ptx 33479 : 260352 1960740 0 0 0 0 0 0 0 
_1.ptx 33480 : 260352 1944540 0 0 0 0 0 0 0 
_1.ptx 33481 : 260352 1960740 0 0 0 0 0 0 0 
_1.ptx 33482 : 260352 1944540 0 0 0 0 0 0 0 
_1.ptx 33483 : 260352 1960740 0 0 0 0 0 0 0 
_1.ptx 33484 : 260352 1944540 0 0 0 0 0 0 0 
_1.ptx 33485 : 260352 1960740 0 0 0 0 0 0 0 
_1.ptx 33486 : 260352 1944540 0 0 0 0 0 0 0 
_1.ptx 33487 : 260352 1960740 0 0 0 0 0 0 0 
_1.ptx 33488 : 260352 1944540 0 0 0 0 0 0 0 
_1.ptx 33489 : 260352 1960740 0 0 0 0 0 0 0 
_1.ptx 33490 : 260352 1944540 0 0 0 0 0 0 0 
_1.ptx 33491 : 260352 1960740 0 0 0 0 0 0 0 
_1.ptx 33492 : 260352 1944540 0 0 0 0 0 0 0 
_1.ptx 33493 : 260352 1960740 0 0 0 0 0 0 0 
_1.ptx 33494 : 260352 1944540 0 0 0 0 0 0 0 
_1.ptx 33495 : 260352 1960740 0 0 0 0 0 0 0 
_1.ptx 33496 : 260352 1944540 0 0 0 0 0 0 0 
_1.ptx 33497 : 260352 1960740 0 0 0 0 0 0 0 
_1.ptx 33498 : 260352 1944540 0 0 0 0 0 0 0 
_1.ptx 33499 : 260352 1960740 0 0 0 0 0 0 0 
_1.ptx 33500 : 260352 1822464 0 0 0 0 0 0 0 
_1.ptx 33501 : 260352 1960740 0 0 0 0 0 0 0 
_1.ptx 33502 : 260352 1944540 0 0 0 0 0 0 0 
_1.ptx 33503 : 260352 1960740 0 0 0 0 0 0 0 
_1.ptx 33504 : 260352 1944540 0 0 0 0 0 0 0 
_1.ptx 33505 : 260352 1960740 0 0 0 0 0 0 0 
_1.ptx 33506 : 260352 1944540 0 0 0 0 0 0 0 
_1.ptx 33507 : 260352 1960740 0 0 0 0 0 0 0 
_1.ptx 33508 : 260352 1944540 0 0 0 0 0 0 0 
_1.ptx 33509 : 260352 1960740 0 0 0 0 0 0 0 
_1.ptx 33510 : 260352 1944540 0 0 0 0 0 0 0 
_1.ptx 33511 : 260352 1960740 0 0 0 0 0 0 0 
_1.ptx 33512 : 260352 1944540 0 0 0 0 0 0 0 
_1.ptx 33513 : 260352 1960740 0 0 0 0 0 0 0 
_1.ptx 33514 : 260352 1944540 0 0 0 0 0 0 0 
_1.ptx 33515 : 260352 1960740 0 0 0 0 0 0 0 
_1.ptx 33516 : 260352 1944540 0 0 0 0 0 0 0 
_1.ptx 33517 : 260352 1960740 0 0 0 0 0 0 0 
_1.ptx 33518 : 260352 1944540 0 0 0 0 0 0 0 
_1.ptx 33519 : 260352 1960740 0 0 0 0 0 0 0 
_1.ptx 33520 : 260352 1944540 0 0 0 0 0 0 0 
_1.ptx 33521 : 260352 1960740 0 0 0 0 0 0 0 
_1.ptx 33522 : 260352 1944540 0 0 0 0 0 0 0 
_1.ptx 33523 : 260352 1960740 0 0 0 0 0 0 0 
_1.ptx 33524 : 260352 1944540 0 0 0 0 0 0 0 
_1.ptx 33525 : 260352 1960740 0 0 0 0 0 0 0 
_1.ptx 33526 : 260352 1944540 0 0 0 0 0 0 0 
_1.ptx 33527 : 260352 1960740 0 0 0 0 0 0 0 
_1.ptx 33528 : 260352 1944540 0 0 0 0 0 0 0 
_1.ptx 33529 : 260352 1960740 0 0 0 0 0 0 0 
_1.ptx 33530 : 260352 1944540 0 0 0 0 0 0 0 
_1.ptx 33531 : 260352 1960740 0 0 0 0 0 0 0 
_1.ptx 33532 : 260352 1944540 0 0 0 0 0 0 0 
_1.ptx 33533 : 260352 1960740 0 0 0 0 0 0 0 
_1.ptx 33534 : 260352 1944540 0 0 0 0 0 0 0 
_1.ptx 33535 : 260352 1960740 0 0 0 0 0 0 0 
_1.ptx 33536 : 260352 1822464 0 0 0 0 0 0 0 
_1.ptx 33537 : 260352 1960740 0 0 0 0 0 0 0 
_1.ptx 33538 : 260352 1944540 0 0 0 0 0 0 0 
_1.ptx 33539 : 260352 1960740 0 0 0 0 0 0 0 
_1.ptx 33540 : 260352 1944540 0 0 0 0 0 0 0 
_1.ptx 33541 : 260352 1960740 0 0 0 0 0 0 0 
_1.ptx 33542 : 260352 1944540 0 0 0 0 0 0 0 
_1.ptx 33543 : 260352 1960740 0 0 0 0 0 0 0 
_1.ptx 33544 : 260352 1944540 0 0 0 0 0 0 0 
_1.ptx 33545 : 260352 1960740 0 0 0 0 0 0 0 
_1.ptx 33546 : 260352 1944540 0 0 0 0 0 0 0 
_1.ptx 33547 : 260352 1960740 0 0 0 0 0 0 0 
_1.ptx 33548 : 260352 3124224 0 0 0 0 0 0 0 
_1.ptx 33549 : 260352 3124224 0 0 0 0 0 0 0 
_1.ptx 33550 : 260352 3124224 0 0 0 0 0 0 0 
_1.ptx 33551 : 260352 2082816 0 0 0 0 0 0 0 
_1.ptx 33552 : 260352 781056 0 0 0 0 0 0 0 
_1.ptx 33553 : 130176 967968 448 0 0 12424 3616 0 0 
_1.ptx 33554 : 130176 1365696 3744 0 0 7456 3616 0 0 
_1.ptx 33555 : 130176 2268576 4320 0 0 7456 3616 0 0 
_1.ptx 33556 : 130176 789120 2496 0 0 7456 3616 0 0 
_1.ptx 33557 : 130176 1383552 4352 0 0 7464 3616 0 0 
_1.ptx 33558 : 130176 2270016 4448 0 0 7456 3616 0 0 
_1.ptx 33559 : 130176 3051936 4320 0 0 7464 3616 0 0 
_1.ptx 33560 : 130176 1587096 0 0 0 0 0 0 0 
_1.ptx 33561 : 130176 1562112 0 0 0 0 0 0 0 
_1.ptx 33562 : 130176 1085688 7008 0 0 9488 3616 0 0 
_1.ptx 33563 : 130176 2285928 37952 0 0 7680 3616 0 0 
_1.ptx 33564 : 130176 3554064 43360 0 0 7688 3616 0 0 
_1.ptx 33565 : 130176 4776552 43360 0 0 7688 3616 0 0 
_1.ptx 33566 : 130176 6019056 43360 0 0 7680 3616 0 0 
_1.ptx 33567 : 130176 6862608 43392 0 0 7680 3616 0 0 
_1.ptx 33568 : 130176 6801408 41600 0 0 7456 3616 0 0 
_1.ptx 33569 : 130176 1650024 0 0 0 0 0 0 0 
_1.ptx 33570 : 130176 1563048 0 0 0 0 0 0 0 
_1.ptx 33571 : 130176 4921776 90752 0 0 9488 3616 0 0 
_1.ptx 33572 : 130176 789408 579296 0 0 7464 3616 0 0 
_1.ptx 33573 : 130176 1383552 665088 0 0 7456 3616 0 0 
_1.ptx 33574 : 130176 2270304 665344 0 0 7456 3616 0 0 
_1.ptx 33575 : 130176 3051072 665088 0 0 7456 3616 0 0 
_1.ptx 33576 : 130176 4182912 665856 0 0 7464 3616 0 0 
_1.ptx 33577 : 130176 5192640 665856 0 0 7464 3616 0 0 
_1.ptx 33578 : 130176 1562112 0 0 0 0 0 0 0 
_1.ptx 33579 : 130176 1562112 0 0 0 0 0 0 0 
_1.ptx 33580 : 130176 3337920 391680 0 0 9720 3616 0 0 
_1.ptx 33581 : 130176 4565952 579072 0 0 7680 3616 0 0 
_1.ptx 33582 : 130176 5964480 693760 0 0 7680 3616 0 0 
_1.ptx 33583 : 130176 6771456 695296 0 0 7696 3616 0 0 
_1.ptx 33584 : 130176 6940224 693760 0 0 7680 3616 0 0 
_1.ptx 33585 : 130176 6873984 694272 0 0 7680 3616 0 0 
_1.ptx 33586 : 130176 6785568 665344 0 0 7456 3616 0 0 
_1.ptx 33587 : 130176 1652760 0 0 0 0 0 0 0 
_1.ptx 33588 : 130176 1562112 0 0 0 0 0 0 0 
_1.ptx 33589 : 130176 1562112 0 0 0 0 0 0 0 
_1.ptx 33590 : 130176 1562112 0 0 0 0 0 0 0 
_1.ptx 33591 : 130176 1041408 0 0 0 0 0 0 0 
_1.ptx 33592 : 130176 732240 0 0 0 0 0 0 0 
_1.ptx 33593 : 8136 97632 0 0 0 0 0 0 0 
_1.ptx 33594 : 8136 97632 0 0 0 0 0 0 0 
_1.ptx 33595 : 8136 97632 0 0 0 0 0 0 0 
_1.ptx 33596 : 8136 97632 0 0 0 0 0 0 0 
_1.ptx 33597 : 8136 65088 0 0 0 0 0 0 0 
_1.ptx 33598 : 8136 48600 0 0 0 0 0 0 0 
_1.ptx 33599 : 36 216 0 0 0 0 0 0 0 
_1.ptx 5676 : 200704 1117988 0 0 0 0 0 0 0 
_1.ptx 5677 : 200704 978380 0 0 0 0 0 0 0 
_1.ptx 5678 : 200704 840248 0 0 0 0 0 0 0 
_1.ptx 5679 : 200704 769280 0 0 0 0 0 0 0 
_1.ptx 5680 : 200704 739440 0 0 0 0 0 0 0 
_1.ptx 5681 : 200704 712856 0 0 0 0 0 0 0 
_1.ptx 5682 : 200704 733564 0 0 0 0 0 0 0 
_1.ptx 5683 : 200704 710296 0 0 0 0 0 0 0 
_1.ptx 5684 : 200704 762272 0 0 0 0 0 0 0 
_1.ptx 5685 : 200704 723920 0 0 0 0 0 0 0 
_1.ptx 5686 : 200704 768068 0 0 0 0 0 0 0 
_1.ptx 5687 : 200704 757100 0 0 0 0 0 0 0 
_1.ptx 5688 : 200704 1450652 128 0 0 0 0 0 0 
_1.ptx 5689 : 200704 1411900 0 0 0 0 0 0 0 
_1.ptx 5690 : 200704 1221956 0 0 0 0 0 0 0 
_1.ptx 5691 : 200704 1324500 0 0 0 0 0 0 0 
_1.ptx 5692 : 200704 1419096 0 0 0 0 0 0 0 
_1.ptx 5693 : 200704 1409832 0 0 0 0 0 0 0 
_1.ptx 5694 : 200704 4224776 0 0 0 0 0 0 0 
_1.ptx 5695 : 200704 1761264 0 0 0 0 0 0 0 
_1.ptx 5696 : 200704 0 0 0 0 0 0 0 0 
_1.ptx 5698 : 200704 1620972 0 0 0 0 0 0 0 
_1.ptx 5699 : 200704 0 0 0 0 0 0 0 0 
_1.ptx 5702 : 200704 43583428 0 0 0 0 0 0 0 
_1.ptx 5703 : 200704 1893012 0 0 0 0 0 0 0 
_1.ptx 5704 : 200704 4057228 0 0 0 0 0 0 0 
_1.ptx 5705 : 200704 2836080 0 0 0 0 0 0 0 
_1.ptx 5706 : 200704 1973468 0 0 0 0 0 0 0 
_1.ptx 5707 : 200704 4065144 0 0 0 0 0 0 0 
_1.ptx 5708 : 200704 2842000 0 0 0 0 0 0 0 
_1.ptx 5709 : 200704 2851448 0 0 0 0 0 0 0 
_1.ptx 5710 : 200704 4017696 0 0 0 0 0 0 0 
_1.ptx 5711 : 200704 2887752 0 0 0 0 0 0 0 
_1.ptx 5712 : 200704 4047388 0 0 0 0 0 0 0 
_1.ptx 5713 : 200704 1630780 0 0 0 0 0 0 0 
_1.ptx 5714 : 200704 4026188 0 0 0 0 0 0 0 
_1.ptx 5715 : 200704 4119800 0 0 0 0 0 0 0 
_1.ptx 5716 : 200704 1562628 0 0 0 0 0 0 0 
_1.ptx 5717 : 200704 1592952 0 0 0 0 0 0 0 
_1.ptx 5718 : 200704 1900056 0 0 0 0 0 0 0 
_1.ptx 5719 : 200704 0 0 0 0 0 0 0 0 
_1.ptx 5721 : 200704 43620424 0 0 0 0 0 0 0 
_1.ptx 5722 : 200704 4254868 0 0 0 0 0 0 0 
_1.ptx 5723 : 200704 4220576 0 0 0 0 0 0 0 
_1.ptx 5724 : 200704 4054688 0 0 0 0 0 0 0 
_1.ptx 5725 : 200704 1799288 0 0 0 0 0 0 0 
_1.ptx 5726 : 200704 3904100 0 0 0 0 0 0 0 
_1.ptx 5727 : 200704 2918932 0 0 0 0 0 0 0 
_1.ptx 5728 : 200704 1718088 0 0 0 0 0 0 0 
_1.ptx 5729 : 200704 1702148 0 0 0 0 0 0 0 
_1.ptx 5732 : 401408 8465128 0 0 0 0 0 0 0 
_1.ptx 5733 : 401408 7765768 0 0 0 0 0 0 0 
_1.ptx 5734 : 401408 5615388 0 0 0 0 0 0 0 
_1.ptx 5735 : 401408 3704740 0 0 0 0 0 0 0 
_1.ptx 5736 : 401408 3580260 0 0 0 0 0 0 0 
_1.ptx 5737 : 401408 0 0 0 0 0 0 0 0 
_1.ptx 5740 : 802816 6536104 0 0 0 0 0 0 0 
_1.ptx 5741 : 802816 650364480 3211264 0 0 67424 23520 0 0 
_1.ptx 5742 : 802816 6608332 0 0 0 0 0 0 0 
_1.ptx 5743 : 802816 7325452 0 0 0 0 0 0 0 
_1.ptx 5744 : 802816 7642660 0 0 0 0 0 0 0 
_1.ptx 5745 : 802816 11629448 0 0 0 0 0 0 0 
_1.ptx 5746 : 802816 10650948 0 0 0 0 0 0 0 
_1.ptx 5747 : 802816 10709596 0 0 0 0 0 0 0 
_1.ptx 5748 : 802816 7200376 0 0 0 0 0 0 0 
_1.ptx 5749 : 802816 7626772 0 0 0 0 0 0 0 
_1.ptx 5750 : 802816 2951672 0 0 0 0 0 0 0 
_1.ptx 5753 : 401408 5292844 0 0 0 0 0 0 0 
_1.ptx 5754 : 401408 3536004 0 0 0 0 0 0 0 
_1.ptx 5755 : 401408 5240352 0 0 0 0 0 0 0 
_1.ptx 5756 : 401408 1453976 0 0 0 0 0 0 0 
_1.ptx 5759 : 200704 1602324 0 0 0 0 0 0 0 
_1.ptx 5760 : 200704 3849940 0 0 0 0 0 0 0 
